incident angle     0    1    2    3    4    5    6    7    8    9 
  (degrees)        
      0           2.1  2.1  2.1  2.1  2.1  2.1  2.1  2.1  2.1  2.1
     10           2.1  2.1  2.1  2.1  2.1  2.1  2.1  2.1  2.1  2.1
     20           2.1  2.1  2.1  2.1  2.1  2.2  2.2  2.2  2.2  2.2
     30           2.2  2.3  2.3  2.3  2.3  2.4  2.4  2.4  2.4  2.5
     40           2.5  2.5  2.6  2.7  2.8  2.9  3.0  3.1  3.2  3.4
     50           3.5  3.6  3.8  4.0  4.2  4.4  4.7  5.0  5.4  5.8
     60           6.2  6.6  7.0  7.5  8.2  9.6 10.4 11.4 11.4 12.4
     70          13.6 14.8 16.2 17.8 19.6 21.5 23.8 26.0 28.8 31.4
     80          35.0 38.6 42.8 47.6 52.9 58.6 65.0 72.0 80.6 89.6
